0;3020;1001;w;s;l;c;25;255;0;255;Long Sword;3;4;1.5;0;0;0;0;0;0;0;0;0;0;0;0;1;1;1;8;1;0;0;0;0;0;0;0;0;0;0;0;0;0;0;0;0;0;1;0;1,10,-1;2,30,30,-1;7,5,5,5,5,5,5,5,3,7;-1;-1;-1;-1;-1;13,10,10,10,10,10,10,10,10,10,10,10,10,100,-1;-1;-1;A sharp long sword.&&(+1 Attack, +1 AC, +2 Dam, Pierce)
0;3021;1002;i;p;l;d;10;255;0;255;Herb;3;3;0;0;0;0;0;0;0;0;0;0;2;0;0;0;0;0;0;1;2;5;0;0;0;0;0;0;0;0;0;0;0;0;0;0;0;1;0;1,10,-1;-1;-1;-1;-1;-1;-1;-1;-1;-1;-1;A bag of health restoring herbs.&&(+1 Dam, 2-5 Turns, Restores 2 HP per turn)
0;3023;1003;i;p;l;c;20;255;0;255;Mana Potion;1;2;0;0;0;0;0;0;0;0;0;0;0;0;6;0;0;0;0;0;0;0;0;0;0;0;0;0;0;0;0;0;0;0;0;0;0;1;0;1,10,-1;-1;-1;-1;-1;-1;-1;-1;-1;-1;-1;A potion which restores mana.&&(Restores 4 Mana)
0;3022;1004;i;p;l;c;15;255;0;255;Health Potion;2;3;0;0;0;0;0;0;0;0;0;0;10;0;0;0;0;0;0;0;0;0;0;0;0;0;0;0;0;0;0;0;0;0;0;0;0;1;0;1,10,-1;-1;-1;-1;-1;-1;-1;-1;-1;-1;-1;A potion which restores health.&&(Restores 10 HP)
200;3020;1005;w;s;l;c;25;255;0;255;Long Sword;0;0;1.5;0;0;0;0;0;0;0;0;0;0;0;0;1;1;1;8;1;0;0;0;0;0;0;0;0;0;0;0;0;0;0;0;0;1;0;0;1,10,-1;2,30,30,-1;7,5,5,5,5,5,5,5,3,7;-1;-1;-1;-1;-1;13,10,10,10,10,10,10,10,10,10,10,10,10,100,-1;-1;-1;A short knife with a pointed tip.&&(+1 Attack, +1 AC, +1 Dam, Pierce)
200;3024;1006;a;p;h;c;50;255;0;255;Iron Armor;0;0;0;0;0;0;0;0;0;0;0;0;0;0;0;0;0;0;0;0;0;0;0;0;2;2;2;2;0;0;0;0;0;0;0;0;1;0;0;1,10,-1;2,30,30,-1;7,5,5,5,5,5,5,5,3,7;-1;-1;-1;-1;-1;13,10,10,10,10,10,10,10,10,10,10,10,10,100,-1;-1;-1;A sturdy suit of heavy armor.&&(+2 BluntDR, +2 ChopDr, +2 PierceDR, +2 SlashDR)
207;3023;1007;i;p;l;c;20;255;0;255;Mana Potion;1;2;0;0;0;0;0;0;0;0;0;0;0;0;6;0;0;0;0;0;0;0;0;0;0;0;0;0;0;0;0;0;0;0;0;0;0;0;0;1,10,-1;-1;-1;-1;-1;-1;-1;-1;-1;-1;-1;A potion which restores mana.&&(Restores 4 Mana)
207;3022;1008;i;p;l;c;15;255;0;255;Health Potion;2;3;0;0;0;0;0;0;0;0;0;0;10;0;0;0;0;0;0;0;0;0;0;0;0;0;0;0;0;0;0;0;0;0;0;0;0;0;0;1,10,-1;-1;-1;-1;-1;-1;-1;-1;-1;-1;-1;A potion which restores health.&&(Restores 10 HP)
0;3020;1009;w;s;l;c;25;255;0;255;Long Sword;2;2;1.5;0;0;0;0;0;0;0;0;0;0;0;0;1;1;1;8;1;0;0;0;0;0;0;0;0;0;0;0;0;0;0;0;0;0;1;0;1,10,-1;2,30,30,-1;7,5,5,5,5,5,5,5,3,7;-1;-1;-1;-1;-1;13,10,10,10,10,10,10,10,10,10,10,10,10,100,-1;-1;-1;A short knife with a pointed tip.&&(+1 Attack, +1 AC, +1 Dam, Pierce)
0;3024;1010;a;p;h;c;50;255;0;255;Iron Armor;1;3;0;0;0;0;0;0;0;0;0;0;0;0;0;0;0;0;0;0;0;0;0;0;2;2;2;2;0;0;0;0;0;0;0;0;0;1;0;1,10,-1;2,30,30,-1;7,5,5,5,5,5,5,5,3,7;-1;-1;-1;-1;-1;13,10,10,10,10,10,10,10,10,10,10,10,10,100,-1;-1;-1;A sturdy suit of heavy armor.&&(+2 BluntDR, +2 ChopDr, +2 PierceDR, +2 SlashDR)
200;3021;1011;i;p;l;d;10;255;0;255;Herb;3;3;0;0;0;0;0;0;0;0;0;0;2;0;0;0;0;0;0;1;2;5;0;0;0;0;0;0;0;0;0;0;0;0;0;0;0;1;0;1,10,-1;-1;-1;-1;-1;-1;-1;-1;-1;-1;-1;A bag of health restoring herbs.&&(+1 Dam, 2-5 Turns, Restores 2 HP per turn)
200;3023;1012;i;p;l;c;20;255;0;255;Mana Potion;1;2;0;0;0;0;0;0;0;0;0;0;0;0;6;0;0;0;0;0;0;0;0;0;0;0;0;0;0;0;0;0;0;0;0;0;0;1;0;1,10,-1;-1;-1;-1;-1;-1;-1;-1;-1;-1;-1;A potion which restores mana.&&(Restores 4 Mana)
200;3022;1013;i;p;l;c;15;255;0;255;Health Potion;2;3;0;0;0;0;0;0;0;0;0;0;10;0;0;0;0;0;0;0;0;0;0;0;0;0;0;0;0;0;0;0;0;0;0;0;0;1;0;1,10,-1;-1;-1;-1;-1;-1;-1;-1;-1;-1;-1;A potion which restores health.&&(Restores 10 HP)